09 03
03 15
01 03
06 00
178 178 178 178 178 178 178 178
178 178 178 178 178 178 178 178
178 178 178 178 178 178 178 178
178 178 178 178 178 178 178 178
178 178 178 178 178 178 178 178
178 178 178 178 178 178 178 178
178 178 178 178 178 178 178 178
178 178 178 178 178 178 178 178
178 178 178 178 178 178 178 178
178 178 178 178 178 178 178 178
178 178 178 178 178 178 178 178
178 178 178 178 178 178 178 178
178 178 178 178 178 178 178 178
   
01 16
06 00
178 178 178 178 178 178 178 178 178 178 178 178 178 178 178 178 178 178 178 178 178 178 178 178 178 178 178 178 178 178 178 178 178 178 178 178 178 178 178 178 178 178 178 178 178 178 178 178 178 178 178 178 178 178 178 178 178 178 178
   
09 03
00 03
176 032 176 032 176 032 176 032 176 032 176 032 176 032 176 032 176 032 176 032 176 032 176 032 176 032 176 032 176 032 176 032 176 032 176 032 176 032 176 032 176 032 176 032 176 032 176 032 176 032 176
176 176 176 176 176 176 176 176 176 176 176 176 176 176 176 176 176 176 176 176 176 176 176 176 176 176 176 176 176 176 176 176 176 176 176 176 176 176 176 176 176 176 176 176 176 176 176 176 153 176 176
176 176 176 176 176 176 176 176 176 176 176 176 176 176 176 176 176 176 176 176 176 176 176 176 153 176 176 176 176 176 176 176 176 176 176 176 176 176 176 176 176 176 176 176 176 176 176 176 176 176 176
176 176 176 176 176 176 176 176 176 176 176 176 176 176 176 176 176 176 176 176 176 176 176 176 176 176 176 176 176 176 176 153 176 176 176 176 176 176 176 176 153 176 176 176 176 176 176 176 176 176 176
176 176 176 176 176 176 176 176 176 176 176 176 176 176 176 176 176 176 176 176 176 176 176 176 176 176 176 176 176 176 176 176 176 176 176 176 176 176 176 176 176 176 176 176 153 176 176 176 176 176 176
176 176 176 176 176 176 176 176 176 176 176 176 176 176 176 176 176 176 176 176 176 176 176 176 176 176 176 176 176 176 176 176 176 176 176 153 176 176 176 176 176 176 176 176 176 176 176 176 176 176 176
176 176 176 176 176 176 176 176 176 176 176 176 176 176 176 176 176 176 176 176 176 176 176 176 176 176 176 176 176 176 176 176 176 176 176 176 176 176 176 176 176 176 176 176 176 176 176 176 176 176 176
176 176 176 176 176 176 176 176 176 176 176 176 176 176 176 153 176 176 176 176 176 176 176 176 176 176 176 176 176 176 176 176 176 176 176 176 176 176 176 176 176 176 176 176 176 176 176 176 176 176 176
176 176 176 176 176 176 176 176 176 176 176 176 176 176 176 176 176 176 176 176 176 176 176 176 176 176 176 176 176 176 176 176 176 176 176 176 176 153 176 176 176 176 176 176 176 176 176 176 176 176 176
176 176 176 176 176 176 176 176 176 176 176 176 176 176 176 176 176 176 176 176 176 176 176 176 176 176 176 176 176 176 176 176 176 176 176 176 176 176 176 176 176 176 176 176 176 176 176 176 176 176 176
176 176 176 176 176 176 176 176 176 176 176 176 176 176 176 176 176 176 176 176 176 176 176 176 176 176 176 153 176 176 176 153 176 176 176 176 176 176 176 176 176 153 176 176 176 176 176 176 176 176 176
176 176 176 176 176 176 176 176 176 176 176 176 176 176 176 176 176 176 176 176 153 176 176 176 176 176 176 176 176 176 176 176 176 176 176 176 176 176 176 176 176 176 176 176 176 176 176 176 176 176 176
176 176 176 176 176 176 176 176 176 176 176 176 176 176 176 176 176 176 176 176 176 176 176 176 176 176 176 176 176 176 176 176 176 176 176 176 176 176 176 176 176 176 176 176 176 176 176 176 176 176 176
